'Request type'	'Load'	'Bucket'	'Start time'	'Absolute'	'Percent of requests'	'End time'	'Absolute'	'Percent of requests'	'Residence time'	'Absolute'	'Percent of requests'	'Theor. think time'	'Absolute'	'Percent of requests'	'Actual think time'	'Absolute'	'Percent of requests'
SaaSRequest	200	0	2523.0	268	1.285803387228326	2523.0	88	0.42220409729885333	175.5	511	2.451662428633114	3.0	20843	100.0	3.0	20843	100.0
SaaSRequest	200	1	7569.0	103	0.4941707047929761	7569.0	100	0.47977738329415154	526.5	1309	6.2802859473204435	9.0	0	0.0	9.0	0	0.0
SaaSRequest	200	2	12615.0	94	0.45099074029650243	12615.0	96	0.46058628796238543	877.5	910	4.365974187976779	15.0	0	0.0	15.0	0	0.0
SaaSRequest	200	3	17661.0	97	0.465384061795327	17661.0	96	0.46058628796238543	1228.5	931	4.466727438468551	21.0	0	0.0	21.0	0	0.0
SaaSRequest	200	4	22707.0	87	0.41740632346591183	22707.0	84	0.4030130019670873	1579.5	665	3.1905195989061075	27.0	0	0.0	27.0	0	0.0
SaaSRequest	200	5	27753.0	90	0.4317996449647364	27753.0	96	0.46058628796238543	1930.5	637	3.0561819315837453	33.0	0	0.0	33.0	0	0.0
SaaSRequest	200	6	32799.0	97	0.465384061795327	32799.0	94	0.45099074029650243	2281.5	507	2.4324713333013483	39.0	0	0.0	39.0	0	0.0
SaaSRequest	200	7	37845.0	91	0.4365974187976779	37845.0	88	0.42220409729885333	2632.5	801	3.8430168401861535	45.0	0	0.0	45.0	0	0.0
SaaSRequest	200	8	42891.0	89	0.42700187113179483	42891.0	98	0.4701818356282685	2983.5	548	2.6291800604519504	51.0	0	0.0	51.0	0	0.0
SaaSRequest	200	9	47937.0	119	0.5709350861200403	47937.0	118	0.5661373122870988	3334.5	608	2.9170464904284414	57.0	0	0.0	57.0	0	0.0
SaaSRequest	200	10	52983.0	120	0.5757328599529818	52983.0	117	0.5613395384541573	3685.5	414	1.9862783668377872	63.0	0	0.0	63.0	0	0.0
SaaSRequest	200	11	58029.0	114	0.5469462169553327	58029.0	116	0.5565417646212157	4036.5	482	2.3125269874778103	69.0	0	0.0	69.0	0	0.0
SaaSRequest	200	12	63075.0	95	0.45578851412944393	63075.0	93	0.44619296646356094	4387.5	374	1.7943674135201266	75.0	0	0.0	75.0	0	0.0
SaaSRequest	200	13	68121.0	109	0.5229573477906252	68121.0	110	0.5277551216235666	4738.5	491	2.355706951974284	81.0	0	0.0	81.0	0	0.0
SaaSRequest	200	14	73167.0	110	0.5277551216235666	73167.0	113	0.5421484431223912	5089.5	343	1.6456364246989397	87.0	0	0.0	87.0	0	0.0
SaaSRequest	200	15	78213.0	114	0.5469462169553327	78213.0	111	0.5325528954565082	5440.5	362	1.7367941275248284	93.0	0	0.0	93.0	0	0.0
SaaSRequest	200	16	83259.0	111	0.5325528954565082	83259.0	114	0.5469462169553327	5791.5	258	1.237825648898911	99.0	0	0.0	99.0	0	0.0
SaaSRequest	200	17	88305.0	118	0.5661373122870988	88305.0	113	0.5421484431223912	6142.5	373	1.7895696396871852	105.0	0	0.0	105.0	0	0.0
SaaSRequest	200	18	93351.0	91	0.4365974187976779	93351.0	92	0.4413951926306194	6493.5	270	1.2953989348942092	111.0	0	0.0	111.0	0	0.0
SaaSRequest	200	19	98397.0	94	0.45099074029650243	98397.0	90	0.4317996449647364	6844.5	351	1.6840186153624719	117.0	0	0.0	117.0	0	0.0
SaaSRequest	200	20	103443.0	81	0.38861968046826273	103443.0	85	0.4078107758000288	7195.5	238	1.1418701722400806	123.0	0	0.0	123.0	0	0.0
SaaSRequest	200	21	108489.0	99	0.47497960946121	108489.0	98	0.4701818356282685	7546.5	314	1.5065009835436358	129.0	0	0.0	129.0	0	0.0
SaaSRequest	200	22	113535.0	95	0.45578851412944393	113535.0	99	0.47497960946121	7897.5	262	1.257016744230677	135.0	0	0.0	135.0	0	0.0
SaaSRequest	200	23	118581.0	93	0.44619296646356094	118581.0	83	0.3982152281341458	8248.5	323	1.5496809480401095	141.0	0	0.0	141.0	0	0.0
SaaSRequest	200	24	123627.0	86	0.41260854963297033	123627.0	95	0.45578851412944393	8599.5	236	1.1322746245741977	147.0	0	0.0	147.0	0	0.0
SaaSRequest	200	25	128673.0	90	0.4317996449647364	128673.0	91	0.4365974187976779	8950.5	298	1.4297366022165716	153.0	0	0.0	153.0	0	0.0
SaaSRequest	200	26	133719.0	122	0.5853284076188648	133719.0	126	0.604519502950631	9301.5	195	0.9355658974235954	159.0	0	0.0	159.0	0	0.0
SaaSRequest	200	27	138765.0	118	0.5661373122870988	138765.0	114	0.5469462169553327	9652.5	255	1.2234323274000865	165.0	0	0.0	165.0	0	0.0
SaaSRequest	200	28	143811.0	115	0.5517439907882743	143811.0	119	0.5709350861200403	10003.5	171	0.8204193254329991	171.0	0	0.0	171.0	0	0.0
SaaSRequest	200	29	148857.0	118	0.5661373122870988	148857.0	115	0.5517439907882743	10354.5	266	1.276207839562443	177.0	0	0.0	177.0	0	0.0
SaaSRequest	200	30	153903.0	120	0.5757328599529818	153903.0	119	0.5709350861200403	10705.5	227	1.089094660077724	183.0	0	0.0	183.0	0	0.0
SaaSRequest	200	31	158949.0	116	0.5565417646212157	158949.0	120	0.5757328599529818	11056.5	337	1.6168497817012906	189.0	0	0.0	189.0	0	0.0
SaaSRequest	200	32	163995.0	133	0.6381039197812215	163995.0	129	0.6189128244494555	11407.5	278	1.3337811255577412	195.0	0	0.0	195.0	0	0.0
SaaSRequest	200	33	169041.0	117	0.5613395384541573	169041.0	116	0.5565417646212157	11758.5	298	1.4297366022165716	201.0	0	0.0	201.0	0	0.0
SaaSRequest	200	34	174087.0	117	0.5613395384541573	174087.0	117	0.5613395384541573	12109.5	185	0.8875881590941803	207.0	0	0.0	207.0	0	0.0
SaaSRequest	200	35	179133.0	115	0.5517439907882743	179133.0	113	0.5421484431223912	12460.5	211	1.0123302787506596	213.0	0	0.0	213.0	0	0.0
SaaSRequest	200	36	184179.0	100	0.47977738329415154	184179.0	103	0.4941707047929761	12811.5	138	0.662092788945929	219.0	0	0.0	219.0	0	0.0
SaaSRequest	200	37	189225.0	109	0.5229573477906252	189225.0	104	0.4989684786259176	13162.5	202	0.9691503142541861	225.0	0	0.0	225.0	0	0.0
SaaSRequest	200	38	194271.0	103	0.4941707047929761	194271.0	105	0.5037662524588591	13513.5	191	0.9163748020918294	231.0	0	0.0	231.0	0	0.0
SaaSRequest	200	39	199317.0	102	0.48937293096003454	199317.0	100	0.47977738329415154	13864.5	233	1.1178813030753731	237.0	0	0.0	237.0	0	0.0
SaaSRequest	200	40	204363.0	101	0.48457515712709304	204363.0	103	0.4941707047929761	14215.5	168	0.8060260039341746	243.0	0	0.0	243.0	0	0.0
SaaSRequest	200	41	209409.0	100	0.47977738329415154	209409.0	100	0.47977738329415154	14566.5	217	1.0411169217483087	249.0	0	0.0	249.0	0	0.0
SaaSRequest	200	42	214455.0	100	0.47977738329415154	214455.0	103	0.4941707047929761	14917.5	136	0.652497241280046	255.0	0	0.0	255.0	0	0.0
SaaSRequest	200	43	219501.0	106	0.5085640262918006	219501.0	100	0.47977738329415154	15268.5	204	0.9787458619200691	261.0	0	0.0	261.0	0	0.0
SaaSRequest	200	44	224547.0	101	0.48457515712709304	224547.0	104	0.4989684786259176	15619.5	127	0.6093172767835724	267.0	0	0.0	267.0	0	0.0
SaaSRequest	200	45	229593.0	98	0.4701818356282685	229593.0	98	0.4701818356282685	15970.5	155	0.7436549441059349	273.0	0	0.0	273.0	0	0.0
SaaSRequest	200	46	234639.0	105	0.5037662524588591	234639.0	105	0.5037662524588591	16321.5	102	0.48937293096003454	279.0	0	0.0	279.0	0	0.0
SaaSRequest	200	47	239685.0	99	0.47497960946121	239685.0	98	0.4701818356282685	16672.5	128	0.614115050616514	285.0	0	0.0	285.0	0	0.0
SaaSRequest	200	48	244731.0	104	0.4989684786259176	244731.0	106	0.5085640262918006	17023.5	145	0.6956772057765197	291.0	0	0.0	291.0	0	0.0
SaaSRequest	200	49	249777.0	98	0.4701818356282685	249777.0	97	0.465384061795327	17374.5	80	0.38382190663532123	297.0	0	0.0	297.0	0	0.0
SaaSRequest	200	50	254823.0	110	0.5277551216235666	254823.0	110	0.5277551216235666	17725.5	108	0.5181595739576836	303.0	0	0.0	303.0	0	0.0
SaaSRequest	200	51	259869.0	98	0.4701818356282685	259869.0	99	0.47497960946121	18076.5	74	0.3550352636376721	309.0	0	0.0	309.0	0	0.0
SaaSRequest	200	52	264915.0	109	0.5229573477906252	264915.0	108	0.5181595739576836	18427.5	135	0.6476994674471046	315.0	0	0.0	315.0	0	0.0
SaaSRequest	200	53	269961.0	106	0.5085640262918006	269961.0	107	0.5133618001247421	18778.5	116	0.5565417646212157	321.0	0	0.0	321.0	0	0.0
SaaSRequest	200	54	275007.0	107	0.5133618001247421	275007.0	105	0.5037662524588591	19129.5	176	0.8444081945977067	327.0	0	0.0	327.0	0	0.0
SaaSRequest	200	55	280053.0	99	0.47497960946121	280053.0	100	0.47977738329415154	19480.5	173	0.8300148730988821	333.0	0	0.0	333.0	0	0.0
SaaSRequest	200	56	285099.0	108	0.5181595739576836	285099.0	107	0.5133618001247421	19831.5	246	1.1802523629036128	339.0	0	0.0	339.0	0	0.0
SaaSRequest	200	57	290145.0	99	0.47497960946121	290145.0	101	0.48457515712709304	20182.5	150	0.7196660749412273	345.0	0	0.0	345.0	0	0.0
SaaSRequest	200	58	295191.0	106	0.5085640262918006	295191.0	105	0.5037662524588591	20533.5	196	0.940363671256537	351.0	0	0.0	351.0	0	0.0
SaaSRequest	200	59	300237.0	104	0.4989684786259176	300237.0	102	0.48937293096003454	20884.5	164	0.7868349086024085	357.0	0	0.0	357.0	0	0.0
SaaSRequest	200	60	305283.0	104	0.4989684786259176	305283.0	106	0.5085640262918006	21235.5	161	0.7724415871035839	363.0	0	0.0	363.0	0	0.0
SaaSRequest	200	61	310329.0	100	0.47977738329415154	310329.0	99	0.47497960946121	21586.5	109	0.5229573477906252	369.0	0	0.0	369.0	0	0.0
SaaSRequest	200	62	315375.0	107	0.5133618001247421	315375.0	106	0.5085640262918006	21937.5	157	0.7532504917718179	375.0	0	0.0	375.0	0	0.0
SaaSRequest	200	63	320421.0	102	0.48937293096003454	320421.0	105	0.5037662524588591	22288.5	131	0.6285083721153385	381.0	0	0.0	381.0	0	0.0
SaaSRequest	200	64	325467.0	103	0.4941707047929761	325467.0	103	0.4941707047929761	22639.5	136	0.652497241280046	387.0	0	0.0	387.0	0	0.0
SaaSRequest	200	65	330513.0	103	0.4941707047929761	330513.0	102	0.48937293096003454	22990.5	72	0.3454397159717891	393.0	0	0.0	393.0	0	0.0
SaaSRequest	200	66	335559.0	100	0.47977738329415154	335559.0	102	0.48937293096003454	23341.5	82	0.39341745430120423	399.0	0	0.0	399.0	0	0.0
SaaSRequest	200	67	340605.0	105	0.5037662524588591	340605.0	103	0.4941707047929761	23692.5	42	0.20150650098354364	405.0	0	0.0	405.0	0	0.0
SaaSRequest	200	68	345651.0	105	0.5037662524588591	345651.0	104	0.4989684786259176	24043.5	98	0.4701818356282685	411.0	0	0.0	411.0	0	0.0
SaaSRequest	200	69	350697.0	99	0.47497960946121	350697.0	101	0.48457515712709304	24394.5	73	0.35023748980473063	417.0	0	0.0	417.0	0	0.0
SaaSRequest	200	70	355743.0	102	0.48937293096003454	355743.0	100	0.47977738329415154	24745.5	101	0.48457515712709304	423.0	0	0.0	423.0	0	0.0
SaaSRequest	200	71	360789.0	99	0.47497960946121	360789.0	101	0.48457515712709304	25096.5	74	0.3550352636376721	429.0	0	0.0	429.0	0	0.0
SaaSRequest	200	72	365835.0	108	0.5181595739576836	365835.0	105	0.5037662524588591	25447.5	89	0.42700187113179483	435.0	0	0.0	435.0	0	0.0
SaaSRequest	200	73	370881.0	99	0.47497960946121	370881.0	102	0.48937293096003454	25798.5	61	0.2926642038094324	441.0	0	0.0	441.0	0	0.0
SaaSRequest	200	74	375927.0	104	0.4989684786259176	375927.0	103	0.4941707047929761	26149.5	76	0.3646308113035552	447.0	0	0.0	447.0	0	0.0
SaaSRequest	200	75	380973.0	100	0.47977738329415154	380973.0	100	0.47977738329415154	26500.5	43	0.20630427481648517	453.0	0	0.0	453.0	0	0.0
SaaSRequest	200	76	386019.0	117	0.5613395384541573	386019.0	123	0.5901261814518064	26851.5	46	0.2206975963153097	459.0	0	0.0	459.0	0	0.0
SaaSRequest	200	77	391065.0	131	0.6285083721153385	391065.0	129	0.6189128244494555	27202.5	34	0.1631243103200115	465.0	0	0.0	465.0	0	0.0
SaaSRequest	200	78	396111.0	135	0.6476994674471046	396111.0	139	0.6668905627788706	27553.5	44	0.21110204864942667	471.0	0	0.0	471.0	0	0.0
SaaSRequest	200	79	401157.0	134	0.642901693614163	401157.0	133	0.6381039197812215	27904.5	37	0.17751763181883606	477.0	0	0.0	477.0	0	0.0
SaaSRequest	200	80	406203.0	137	0.6572950151129876	406203.0	135	0.6476994674471046	28255.5	21	0.10075325049177182	483.0	0	0.0	483.0	0	0.0
SaaSRequest	200	81	411249.0	130	0.6237105982823969	411249.0	131	0.6285083721153385	28606.5	10	0.047977738329415154	489.0	0	0.0	489.0	0	0.0
SaaSRequest	200	82	416295.0	121	0.5805306337859233	416295.0	117	0.5613395384541573	28957.5	7	0.03358441683059061	495.0	0	0.0	495.0	0	0.0
SaaSRequest	200	83	421341.0	116	0.5565417646212157	421341.0	114	0.5469462169553327	29308.5	8	0.03838219066353212	501.0	0	0.0	501.0	0	0.0
SaaSRequest	200	84	426387.0	112	0.5373506692894497	426387.0	116	0.5565417646212157	29659.5	5	0.023988869164707577	507.0	0	0.0	507.0	0	0.0
SaaSRequest	200	85	431433.0	115	0.5517439907882743	431433.0	111	0.5325528954565082	30010.5	2	0.00959554766588303	513.0	0	0.0	513.0	0	0.0
SaaSRequest	200	86	436479.0	113	0.5421484431223912	436479.0	115	0.5517439907882743	30361.5	12	0.05757328599529818	519.0	0	0.0	519.0	0	0.0
SaaSRequest	200	87	441525.0	110	0.5277551216235666	441525.0	108	0.5181595739576836	30712.5	0	0.0	525.0	0	0.0	525.0	0	0.0
SaaSRequest	200	88	446571.0	107	0.5133618001247421	446571.0	107	0.5133618001247421	31063.5	5	0.023988869164707577	531.0	0	0.0	531.0	0	0.0
SaaSRequest	200	89	451617.0	101	0.48457515712709304	451617.0	103	0.4941707047929761	31414.5	4	0.01919109533176606	537.0	0	0.0	537.0	0	0.0
SaaSRequest	200	90	456663.0	107	0.5133618001247421	456663.0	104	0.4989684786259176	31765.5	3	0.014393321498824545	543.0	0	0.0	543.0	0	0.0
SaaSRequest	200	91	461709.0	102	0.48937293096003454	461709.0	103	0.4941707047929761	32116.5	1	0.004797773832941515	549.0	0	0.0	549.0	0	0.0
SaaSRequest	200	92	466755.0	104	0.4989684786259176	466755.0	104	0.4989684786259176	32467.5	2	0.00959554766588303	555.0	0	0.0	555.0	0	0.0
SaaSRequest	200	93	471801.0	103	0.4941707047929761	471801.0	102	0.48937293096003454	32818.5	2	0.00959554766588303	561.0	0	0.0	561.0	0	0.0
SaaSRequest	200	94	476847.0	105	0.5037662524588591	476847.0	105	0.5037662524588591	33169.5	3	0.014393321498824545	567.0	0	0.0	567.0	0	0.0
SaaSRequest	200	95	481893.0	98	0.4701818356282685	481893.0	100	0.47977738329415154	33520.5	1	0.004797773832941515	573.0	0	0.0	573.0	0	0.0
SaaSRequest	200	96	486939.0	105	0.5037662524588591	486939.0	102	0.48937293096003454	33871.5	2	0.00959554766588303	579.0	0	0.0	579.0	0	0.0
SaaSRequest	200	97	491985.0	99	0.47497960946121	491985.0	100	0.47977738329415154	34222.5	3	0.014393321498824545	585.0	0	0.0	585.0	0	0.0
SaaSRequest	200	98	497031.0	107	0.5133618001247421	497031.0	108	0.5181595739576836	34573.5	2	0.00959554766588303	591.0	0	0.0	591.0	0	0.0
SaaSRequest	200	99	502077.0	100	0.47977738329415154	502077.0	99	0.47497960946121	34924.5	2	0.00959554766588303	597.0	0	0.0	597.0	0	0.0
SaaSRequest	200	100	507123.0	106	0.5085640262918006	507123.0	107	0.5133618001247421	35275.5	1	0.004797773832941515	603.0	0	0.0	603.0	0	0.0
SaaSRequest	200	101	512169.0	102	0.48937293096003454	512169.0	100	0.47977738329415154	35626.5	3	0.014393321498824545	609.0	0	0.0	609.0	0	0.0
SaaSRequest	200	102	517215.0	105	0.5037662524588591	517215.0	107	0.5133618001247421	35977.5	1	0.004797773832941515	615.0	0	0.0	615.0	0	0.0
SaaSRequest	200	103	522261.0	102	0.48937293096003454	522261.0	102	0.48937293096003454	36328.5	1	0.004797773832941515	621.0	0	0.0	621.0	0	0.0
SaaSRequest	200	104	527307.0	104	0.4989684786259176	527307.0	103	0.4941707047929761	36679.5	3	0.014393321498824545	627.0	0	0.0	627.0	0	0.0
SaaSRequest	200	105	532353.0	103	0.4941707047929761	532353.0	109	0.5229573477906252	37030.5	4	0.01919109533176606	633.0	0	0.0	633.0	0	0.0
SaaSRequest	200	106	537399.0	118	0.5661373122870988	537399.0	116	0.5565417646212157	37381.5	3	0.014393321498824545	639.0	0	0.0	639.0	0	0.0
SaaSRequest	200	107	542445.0	111	0.5325528954565082	542445.0	112	0.5373506692894497	37732.5	4	0.01919109533176606	645.0	0	0.0	645.0	0	0.0
SaaSRequest	200	108	547491.0	113	0.5421484431223912	547491.0	107	0.5133618001247421	38083.5	2	0.00959554766588303	651.0	0	0.0	651.0	0	0.0
SaaSRequest	200	109	552537.0	103	0.4941707047929761	552537.0	106	0.5085640262918006	38434.5	6	0.02878664299764909	657.0	0	0.0	657.0	0	0.0
SaaSRequest	200	110	557583.0	103	0.4941707047929761	557583.0	102	0.48937293096003454	38785.5	0	0.0	663.0	0	0.0	663.0	0	0.0
SaaSRequest	200	111	562629.0	103	0.4941707047929761	562629.0	100	0.47977738329415154	39136.5	1	0.004797773832941515	669.0	0	0.0	669.0	0	0.0
SaaSRequest	200	112	567675.0	101	0.48457515712709304	567675.0	104	0.4989684786259176	39487.5	3	0.014393321498824545	675.0	0	0.0	675.0	0	0.0
SaaSRequest	200	113	572721.0	103	0.4941707047929761	572721.0	103	0.4941707047929761	39838.5	0	0.0	681.0	0	0.0	681.0	0	0.0
SaaSRequest	200	114	577767.0	102	0.48937293096003454	577767.0	102	0.48937293096003454	40189.5	2	0.00959554766588303	687.0	0	0.0	687.0	0	0.0
SaaSRequest	200	115	582813.0	105	0.5037662524588591	582813.0	105	0.5037662524588591	40540.5	2	0.00959554766588303	693.0	0	0.0	693.0	0	0.0
SaaSRequest	200	116	587859.0	101	0.48457515712709304	587859.0	101	0.48457515712709304	40891.5	4	0.01919109533176606	699.0	0	0.0	699.0	0	0.0
SaaSRequest	200	117	592905.0	103	0.4941707047929761	592905.0	105	0.5037662524588591	41242.5	2	0.00959554766588303	705.0	0	0.0	705.0	0	0.0
SaaSRequest	200	118	597951.0	106	0.5085640262918006	597951.0	103	0.4941707047929761	41593.5	4	0.01919109533176606	711.0	0	0.0	711.0	0	0.0
SaaSRequest	200	119	602997.0	99	0.47497960946121	602997.0	103	0.4941707047929761	41944.5	1	0.004797773832941515	717.0	0	0.0	717.0	0	0.0
SaaSRequest	200	120	608043.0	106	0.5085640262918006	608043.0	105	0.5037662524588591	42295.5	3	0.014393321498824545	723.0	0	0.0	723.0	0	0.0
SaaSRequest	200	121	613089.0	101	0.48457515712709304	613089.0	99	0.47497960946121	42646.5	3	0.014393321498824545	729.0	0	0.0	729.0	0	0.0
SaaSRequest	200	122	618135.0	107	0.5133618001247421	618135.0	107	0.5133618001247421	42997.5	1	0.004797773832941515	735.0	0	0.0	735.0	0	0.0
SaaSRequest	200	123	623181.0	98	0.4701818356282685	623181.0	102	0.48937293096003454	43348.5	3	0.014393321498824545	741.0	0	0.0	741.0	0	0.0
SaaSRequest	200	124	628227.0	109	0.5229573477906252	628227.0	107	0.5133618001247421	43699.5	0	0.0	747.0	0	0.0	747.0	0	0.0
SaaSRequest	200	125	633273.0	105	0.5037662524588591	633273.0	101	0.48457515712709304	44050.5	1	0.004797773832941515	753.0	0	0.0	753.0	0	0.0
SaaSRequest	200	126	638319.0	101	0.48457515712709304	638319.0	103	0.4941707047929761	44401.5	0	0.0	759.0	0	0.0	759.0	0	0.0
SaaSRequest	200	127	643365.0	101	0.48457515712709304	643365.0	104	0.4989684786259176	44752.5	0	0.0	765.0	0	0.0	765.0	0	0.0
SaaSRequest	200	128	648411.0	105	0.5037662524588591	648411.0	103	0.4941707047929761	45103.5	0	0.0	771.0	0	0.0	771.0	0	0.0
SaaSRequest	200	129	653457.0	102	0.48937293096003454	653457.0	102	0.48937293096003454	45454.5	1	0.004797773832941515	777.0	0	0.0	777.0	0	0.0
SaaSRequest	200	130	658503.0	106	0.5085640262918006	658503.0	104	0.4989684786259176	45805.5	2	0.00959554766588303	783.0	0	0.0	783.0	0	0.0
SaaSRequest	200	131	663549.0	100	0.47977738329415154	663549.0	103	0.4941707047929761	46156.5	1	0.004797773832941515	789.0	0	0.0	789.0	0	0.0
SaaSRequest	200	132	668595.0	103	0.4941707047929761	668595.0	100	0.47977738329415154	46507.5	0	0.0	795.0	0	0.0	795.0	0	0.0
SaaSRequest	200	133	673641.0	101	0.48457515712709304	673641.0	105	0.5037662524588591	46858.5	0	0.0	801.0	0	0.0	801.0	0	0.0
SaaSRequest	200	134	678687.0	103	0.4941707047929761	678687.0	99	0.47497960946121	47209.5	0	0.0	807.0	0	0.0	807.0	0	0.0
SaaSRequest	200	135	683733.0	110	0.5277551216235666	683733.0	111	0.5325528954565082	47560.5	2	0.00959554766588303	813.0	0	0.0	813.0	0	0.0
SaaSRequest	200	136	688779.0	94	0.45099074029650243	688779.0	91	0.4365974187976779	47911.5	0	0.0	819.0	0	0.0	819.0	0	0.0
SaaSRequest	200	137	693825.0	89	0.42700187113179483	693825.0	91	0.4365974187976779	48262.5	0	0.0	825.0	0	0.0	825.0	0	0.0
SaaSRequest	200	138	698871.0	98	0.4701818356282685	698871.0	101	0.48457515712709304	48613.5	0	0.0	831.0	0	0.0	831.0	0	0.0
SaaSRequest	200	139	703917.0	103	0.4941707047929761	703917.0	102	0.48937293096003454	48964.5	4	0.01919109533176606	837.0	0	0.0	837.0	0	0.0
SaaSRequest	200	140	708963.0	92	0.4413951926306194	708963.0	89	0.42700187113179483	49315.5	0	0.0	843.0	0	0.0	843.0	0	0.0
SaaSRequest	200	141	714009.0	93	0.44619296646356094	714009.0	91	0.4365974187976779	49666.5	2	0.00959554766588303	849.0	0	0.0	849.0	0	0.0
SaaSRequest	200	142	719055.0	86	0.41260854963297033	719055.0	84	0.4030130019670873	50017.5	1	0.004797773832941515	855.0	0	0.0	855.0	0	0.0
SaaSRequest	200	143	724101.0	89	0.42700187113179483	724101.0	99	0.47497960946121	50368.5	0	0.0	861.0	0	0.0	861.0	0	0.0
SaaSRequest	200	144	729147.0	102	0.48937293096003454	729147.0	99	0.47497960946121	50719.5	0	0.0	867.0	0	0.0	867.0	0	0.0
SaaSRequest	200	145	734193.0	106	0.5085640262918006	734193.0	103	0.4941707047929761	51070.5	0	0.0	873.0	0	0.0	873.0	0	0.0
SaaSRequest	200	146	739239.0	86	0.41260854963297033	739239.0	87	0.41740632346591183	51421.5	1	0.004797773832941515	879.0	0	0.0	879.0	0	0.0
SaaSRequest	200	147	744285.0	89	0.42700187113179483	744285.0	89	0.42700187113179483	51772.5	0	0.0	885.0	0	0.0	885.0	0	0.0
SaaSRequest	200	148	749331.0	94	0.45099074029650243	749331.0	96	0.46058628796238543	52123.5	0	0.0	891.0	0	0.0	891.0	0	0.0
SaaSRequest	200	149	754377.0	104	0.4989684786259176	754377.0	106	0.5085640262918006	52474.5	1	0.004797773832941515	897.0	0	0.0	897.0	0	0.0
SaaSRequest	200	150	759423.0	96	0.46058628796238543	759423.0	90	0.4317996449647364	52825.5	0	0.0	903.0	0	0.0	903.0	0	0.0
SaaSRequest	200	151	764469.0	84	0.4030130019670873	764469.0	83	0.3982152281341458	53176.5	1	0.004797773832941515	909.0	0	0.0	909.0	0	0.0
SaaSRequest	200	152	769515.0	100	0.47977738329415154	769515.0	109	0.5229573477906252	53527.5	0	0.0	915.0	0	0.0	915.0	0	0.0
SaaSRequest	200	153	774561.0	118	0.5661373122870988	774561.0	115	0.5517439907882743	53878.5	1	0.004797773832941515	921.0	0	0.0	921.0	0	0.0
SaaSRequest	200	154	779607.0	98	0.4701818356282685	779607.0	93	0.44619296646356094	54229.5	0	0.0	927.0	0	0.0	927.0	0	0.0
SaaSRequest	200	155	784653.0	90	0.4317996449647364	784653.0	89	0.42700187113179483	54580.5	1	0.004797773832941515	933.0	0	0.0	933.0	0	0.0
SaaSRequest	200	156	789699.0	92	0.4413951926306194	789699.0	98	0.4701818356282685	54931.5	0	0.0	939.0	0	0.0	939.0	0	0.0
SaaSRequest	200	157	794745.0	103	0.4941707047929761	794745.0	101	0.48457515712709304	55282.5	0	0.0	945.0	0	0.0	945.0	0	0.0
SaaSRequest	200	158	799791.0	101	0.48457515712709304	799791.0	99	0.47497960946121	55633.5	0	0.0	951.0	0	0.0	951.0	0	0.0
SaaSRequest	200	159	804837.0	83	0.3982152281341458	804837.0	80	0.38382190663532123	55984.5	0	0.0	957.0	0	0.0	957.0	0	0.0
SaaSRequest	200	160	809883.0	74	0.3550352636376721	809883.0	75	0.3598330374706136	56335.5	0	0.0	963.0	0	0.0	963.0	0	0.0
SaaSRequest	200	161	814929.0	101	0.48457515712709304	814929.0	103	0.4941707047929761	56686.5	0	0.0	969.0	0	0.0	969.0	0	0.0
SaaSRequest	200	162	819975.0	98	0.4701818356282685	819975.0	98	0.4701818356282685	57037.5	0	0.0	975.0	0	0.0	975.0	0	0.0
SaaSRequest	200	163	825021.0	88	0.42220409729885333	825021.0	83	0.3982152281341458	57388.5	0	0.0	981.0	0	0.0	981.0	0	0.0
SaaSRequest	200	164	830067.0	71	0.3406419421388476	830067.0	69	0.3310463944729645	57739.5	0	0.0	987.0	0	0.0	987.0	0	0.0
SaaSRequest	200	165	835113.0	101	0.48457515712709304	835113.0	113	0.5421484431223912	58090.5	0	0.0	993.0	0	0.0	993.0	0	0.0
SaaSRequest	200	166	840159.0	89	0.42700187113179483	840159.0	83	0.3982152281341458	58441.5	0	0.0	999.0	0	0.0	999.0	0	0.0
SaaSRequest	200	167	845205.0	107	0.5133618001247421	845205.0	112	0.5373506692894497	58792.5	0	0.0	1005.0	0	0.0	1005.0	0	0.0
SaaSRequest	200	168	850251.0	111	0.5325528954565082	850251.0	111	0.5325528954565082	59143.5	0	0.0	1011.0	0	0.0	1011.0	0	0.0
SaaSRequest	200	169	855297.0	117	0.5613395384541573	855297.0	117	0.5613395384541573	59494.5	0	0.0	1017.0	0	0.0	1017.0	0	0.0
SaaSRequest	200	170	860343.0	108	0.5181595739576836	860343.0	105	0.5037662524588591	59845.5	1	0.004797773832941515	1023.0	0	0.0	1023.0	0	0.0
SaaSRequest	200	171	865389.0	102	0.48937293096003454	865389.0	104	0.4989684786259176	60196.5	0	0.0	1029.0	0	0.0	1029.0	0	0.0
SaaSRequest	200	172	870435.0	101	0.48457515712709304	870435.0	103	0.4941707047929761	60547.5	1	0.004797773832941515	1035.0	0	0.0	1035.0	0	0.0
SaaSRequest	200	173	875481.0	104	0.4989684786259176	875481.0	99	0.47497960946121	60898.5	0	0.0	1041.0	0	0.0	1041.0	0	0.0
SaaSRequest	200	174	880527.0	100	0.47977738329415154	880527.0	103	0.4941707047929761	61249.5	0	0.0	1047.0	0	0.0	1047.0	0	0.0
SaaSRequest	200	175	885573.0	104	0.4989684786259176	885573.0	102	0.48937293096003454	61600.5	0	0.0	1053.0	0	0.0	1053.0	0	0.0
SaaSRequest	200	176	890619.0	101	0.48457515712709304	890619.0	101	0.48457515712709304	61951.5	0	0.0	1059.0	0	0.0	1059.0	0	0.0
SaaSRequest	200	177	895665.0	103	0.4941707047929761	895665.0	107	0.5133618001247421	62302.5	0	0.0	1065.0	0	0.0	1065.0	0	0.0
SaaSRequest	200	178	900711.0	103	0.4941707047929761	900711.0	102	0.48937293096003454	62653.5	0	0.0	1071.0	0	0.0	1071.0	0	0.0
SaaSRequest	200	179	905757.0	116	0.5565417646212157	905757.0	119	0.5709350861200403	63004.5	0	0.0	1077.0	0	0.0	1077.0	0	0.0
SaaSRequest	200	180	910803.0	129	0.6189128244494555	910803.0	128	0.614115050616514	63355.5	0	0.0	1083.0	0	0.0	1083.0	0	0.0
SaaSRequest	200	181	915849.0	126	0.604519502950631	915849.0	128	0.614115050616514	63706.5	0	0.0	1089.0	0	0.0	1089.0	0	0.0
SaaSRequest	200	182	920895.0	124	0.5949239552847478	920895.0	123	0.5901261814518064	64057.5	0	0.0	1095.0	0	0.0	1095.0	0	0.0
SaaSRequest	200	183	925941.0	116	0.5565417646212157	925941.0	110	0.5277551216235666	64408.5	0	0.0	1101.0	0	0.0	1101.0	0	0.0
SaaSRequest	200	184	930987.0	99	0.47497960946121	930987.0	100	0.47977738329415154	64759.5	0	0.0	1107.0	0	0.0	1107.0	0	0.0
SaaSRequest	200	185	936033.0	106	0.5085640262918006	936033.0	107	0.5133618001247421	65110.5	0	0.0	1113.0	0	0.0	1113.0	0	0.0
SaaSRequest	200	186	941079.0	101	0.48457515712709304	941079.0	99	0.47497960946121	65461.5	0	0.0	1119.0	0	0.0	1119.0	0	0.0
SaaSRequest	200	187	946125.0	102	0.48937293096003454	946125.0	105	0.5037662524588591	65812.5	0	0.0	1125.0	0	0.0	1125.0	0	0.0
SaaSRequest	200	188	951171.0	100	0.47977738329415154	951171.0	98	0.4701818356282685	66163.5	0	0.0	1131.0	0	0.0	1131.0	0	0.0
SaaSRequest	200	189	956217.0	121	0.5805306337859233	956217.0	126	0.604519502950631	66514.5	0	0.0	1137.0	0	0.0	1137.0	0	0.0
SaaSRequest	200	190	961263.0	115	0.5517439907882743	961263.0	113	0.5421484431223912	66865.5	0	0.0	1143.0	0	0.0	1143.0	0	0.0
SaaSRequest	200	191	966309.0	119	0.5709350861200403	966309.0	120	0.5757328599529818	67216.5	0	0.0	1149.0	0	0.0	1149.0	0	0.0
SaaSRequest	200	192	971355.0	117	0.5613395384541573	971355.0	117	0.5613395384541573	67567.5	0	0.0	1155.0	0	0.0	1155.0	0	0.0
SaaSRequest	200	193	976401.0	117	0.5613395384541573	976401.0	114	0.5469462169553327	67918.5	0	0.0	1161.0	0	0.0	1161.0	0	0.0
SaaSRequest	200	194	981447.0	114	0.5469462169553327	981447.0	115	0.5517439907882743	68269.5	0	0.0	1167.0	0	0.0	1167.0	0	0.0
SaaSRequest	200	195	986493.0	104	0.4989684786259176	986493.0	102	0.48937293096003454	68620.5	0	0.0	1173.0	0	0.0	1173.0	0	0.0
SaaSRequest	200	196	991539.0	102	0.48937293096003454	991539.0	103	0.4941707047929761	68971.5	0	0.0	1179.0	0	0.0	1179.0	0	0.0
SaaSRequest	200	197	996585.0	104	0.4989684786259176	996585.0	104	0.4989684786259176	69322.5	0	0.0	1185.0	0	0.0	1185.0	0	0.0
SaaSRequest	200	198	1001631.0	20	0.09595547665883031	1001631.0	100	0.47977738329415154	69673.5	0	0.0	1191.0	0	0.0	1191.0	0	0.0
SaaSRequest	200	199	1006677.0	0	0.0	1006677.0	99	0.47497960946121	70024.5	1	0.004797773832941515	1197.0	0	0.0	1197.0	0	0.0
